[client-4.jpg]
filters=radblur=1,0.564065,0.451866,-0.298246,1.000000;
moddate=14acc1bc8d9ad501
width=960
height=720
textactive=0
